Image rotation = 0.17203579582498416 degrees
threshold=-0.4
0 64232.0
1 0.0
2 0.0
3 0.0
4 0.0
5 0.0
6 0.0
7 0.0
8 0.0
9 0.0
10 0.0
11 0.0
12 0.0
13 8735.0
14 0.0
15 0.0
16 0.0
17 0.0
18 0.0
19 0.0
20 0.0
21 0.0
22 9050.0
23 0.0
24 0.0
25 0.0
26 0.0
27 0.0
28 9839.0
29 0.0
30 0.0
31 0.0
32 0.0
33 0.0
34 10473.0
35 0.0
36 0.0
37 0.0
38 11384.0
39 0.0
40 0.0
41 0.0
42 12429.0
43 0.0
44 0.0
45 0.0
46 13452.0
47 0.0
48 0.0
49 0.0
50 14506.0
51 0.0
52 0.0
53 15629.0
54 0.0
55 0.0
56 16460.0
57 0.0
58 0.0
59 17588.0
60 0.0
61 18349.0
62 0.0
63 0.0
64 19220.0
65 0.0
66 19656.0
67 0.0
68 0.0
69 19826.0
70 0.0
71 20562.0
72 0.0
73 20387.0
74 0.0
75 20464.0
76 0.0
77 20480.0
78 0.0
79 20006.0
80 0.0
81 19774.0
82 0.0
83 19076.0
84 0.0
85 18457.0
86 18162.0
87 0.0
88 17291.0
89 0.0
90 16585.0
91 0.0
92 15755.0
93 15432.0
94 0.0
95 14424.0
96 13750.0
97 0.0
98 13222.0
99 12667.0
100 0.0
101 12091.0
102 11614.0
103 0.0
104 11089.0
105 10483.0
106 10283.0
107 0.0
108 9626.0
109 9539.0
110 8904.0
111 0.0
112 8746.0
113 8291.0
114 8058.0
115 7653.0
116 0.0
117 7243.0
118 6947.0
119 6533.0
120 6406.0
121 6144.0
122 5854.0
123 0.0
124 5616.0
125 5519.0
126 5106.0
127 4959.0
128 4796.0
129 4451.0
130 4378.0
131 4251.0
132 4168.0
133 3919.0
134 3765.0
135 3686.0
136 3526.0
137 3371.0
138 3360.0
139 3354.0
140 3130.0
141 3013.0
142 2969.0
143 2910.0
144 2781.0
145 2782.0
146 2693.0
147 2630.0
148 5213.0
149 2557.0
150 2433.0
151 2457.0
152 2373.0
153 2266.0
154 2449.0
155 4581.0
156 2324.0
157 2182.0
158 2159.0
159 4284.0
160 2093.0
161 1988.0
162 2091.0
163 4170.0
164 2025.0
165 1997.0
166 2016.0
167 3903.0
168 2009.0
169 1868.0
170 3788.0
171 1838.0
172 1910.0
173 3916.0
174 1867.0
175 3632.0
176 1874.0
177 1867.0
178 3745.0
179 1865.0
180 3701.0
181 1819.0
182 3590.0
183 1837.0
184 1800.0
185 3698.0
186 1918.0
187 3734.0
188 1870.0
189 3868.0
190 3900.0
191 1991.0
192 4014.0
193 2046.0
194 4210.0
195 2236.0
196 4537.0
197 4723.0
198 2428.0
199 5240.0
200 5770.0
201 3132.0
202 6915.0
203 7870.0
204 4412.0
205 9672.0
206 10684.0
207 5866.0
208 12584.0
209 13796.0
210 14522.0
211 7622.0
212 15848.0
213 16396.0
214 16796.0
215 17430.0
216 18229.0
217 9326.0
218 19368.0
219 20708.0
220 22792.0
221 25547.0
222 28310.0
223 32765.0
224 37810.0
225 21552.0
226 48551.0
227 58808.0
228 71341.0
229 87827.0
230 108523.0
231 132577.0
232 160737.0
233 191371.0
234 219730.0
235 245663.0
236 264110.0
237 274915.0
238 408528.0
239 255973.0
240 233716.0
241 205199.0
242 174517.0
243 142426.0
244 111808.0
245 85468.0
246 85979.0
247 35118.0
248 22614.0
249 13182.0
250 7109.0
251 4713.0
252 1299.0
253 699.0
254 369.0
255 498.0
