Image rotation = 0.9894241455315087 degrees
threshold=-0.4
0 320.0
1 250.0
2 395.0
3 477.0
4 650.0
5 958.0
6 1241.0
7 1594.0
8 2027.0
9 2538.0
10 3097.0
11 3748.0
12 4432.0
13 5152.0
14 5858.0
15 6631.0
16 7395.0
17 8354.0
18 9335.0
19 10030.0
20 10644.0
21 11325.0
22 11731.0
23 12368.0
24 12704.0
25 12823.0
26 13187.0
27 13281.0
28 13218.0
29 13095.0
30 12984.0
31 12799.0
32 12645.0
33 12460.0
34 11968.0
35 11698.0
36 11367.0
37 11177.0
38 11024.0
39 10559.0
40 10333.0
41 10032.0
42 9716.0
43 9384.0
44 8873.0
45 8807.0
46 8466.0
47 8213.0
48 7788.0
49 7433.0
50 7335.0
51 7069.0
52 6865.0
53 6519.0
54 6419.0
55 6109.0
56 5830.0
57 5831.0
58 5553.0
59 5388.0
60 5192.0
61 4980.0
62 4923.0
63 4647.0
64 4640.0
65 4493.0
66 4396.0
67 4307.0
68 4193.0
69 4283.0
70 3963.0
71 3850.0
72 3857.0
73 3802.0
74 3683.0
75 3618.0
76 3668.0
77 3497.0
78 3489.0
79 3553.0
80 3460.0
81 3444.0
82 3324.0
83 3258.0
84 3250.0
85 3257.0
86 3172.0
87 3229.0
88 3202.0
89 3137.0
90 3165.0
91 3147.0
92 3098.0
93 3072.0
94 3170.0
95 3134.0
96 3085.0
97 3030.0
98 3009.0
99 3086.0
100 2994.0
101 3020.0
102 3012.0
103 3065.0
104 2985.0
105 3068.0
106 3090.0
107 3089.0
108 3004.0
109 2927.0
110 3020.0
111 3092.0
112 3058.0
113 3096.0
114 3043.0
115 3074.0
116 3112.0
117 3068.0
118 3045.0
119 2976.0
120 3071.0
121 3113.0
122 3093.0
123 3150.0
124 3141.0
125 3131.0
126 3261.0
127 3251.0
128 3322.0
129 3204.0
130 3335.0
131 3410.0
132 3385.0
133 3362.0
134 3388.0
135 3514.0
136 3486.0
137 3588.0
138 3699.0
139 3567.0
140 3724.0
141 3806.0
142 3844.0
143 3995.0
144 4007.0
145 4289.0
146 4229.0
147 4349.0
148 4404.0
149 4464.0
150 4498.0
151 4612.0
152 4785.0
153 5055.0
154 5216.0
155 5404.0
156 5416.0
157 5714.0
158 5890.0
159 6348.0
160 6512.0
161 6870.0
162 7181.0
163 7566.0
164 7986.0
165 8279.0
166 8705.0
167 9556.0
168 10091.0
169 11212.0
170 11859.0
171 13007.0
172 13950.0
173 15184.0
174 16888.0
175 18690.0
176 20905.0
177 23170.0
178 26249.0
179 29596.0
180 33698.0
181 37914.0
182 43296.0
183 49250.0
184 55655.0
185 63927.0
186 72953.0
187 83054.0
188 94005.0
189 106550.0
190 119946.0
191 134573.0
192 151323.0
193 167329.0
194 184462.0
195 201050.0
196 217458.0
197 230761.0
198 244039.0
199 253723.0
200 260459.0
201 262858.0
202 262400.0
203 256592.0
204 248468.0
205 235802.0
206 220302.0
207 201735.0
208 180874.0
209 159698.0
210 137791.0
211 115919.0
212 94801.0
213 75744.0
214 59399.0
215 45229.0
216 34050.0
217 25369.0
218 18009.0
219 12527.0
220 8752.0
221 5859.0
222 3789.0
223 2384.0
224 1444.0
225 957.0
226 567.0
227 342.0
228 189.0
229 115.0
230 77.0
231 40.0
232 17.0
233 14.0
234 12.0
235 6.0
236 3.0
237 4.0
238 0.0
239 2.0
240 0.0
241 0.0
242 1.0
243 1.0
244 0.0
245 0.0
246 1.0
