-89.00 20754.44
-88.50 21696.12
-88.00 22323.49
-87.50 22971.88
-87.00 23565.45
-86.50 24182.91
-86.00 24643.42
-85.50 25131.33
-85.00 25501.05
-84.50 25947.68
-84.00 26247.05
-83.50 26596.52
-83.00 26867.06
-82.50 27141.65
-82.00 27451.61
-81.50 27643.77
-81.00 27862.18
-80.50 28062.45
-80.00 28267.15
-79.50 28396.20
-79.00 28517.96
-78.50 28656.98
-78.00 28827.99
-77.50 28932.42
-77.00 29013.41
-76.50 29101.46
-76.00 29181.77
-75.50 29250.19
-75.00 29300.36
-74.50 29387.97
-74.00 29454.67
-73.50 29484.41
-73.00 29513.31
-72.50 29541.32
-72.00 29578.02
-71.50 29595.22
-71.00 29627.41
-70.50 29639.67
-70.00 29651.44
-69.50 29646.99
-69.00 29666.86
-68.50 29653.99
-68.00 29642.35
-67.50 29624.42
-67.00 29620.02
-66.50 29579.89
-66.00 29556.81
-65.50 29538.93
-65.00 29503.54
-64.50 29463.34
-64.00 29418.94
-63.50 29381.99
-63.00 29329.88
-62.50 29275.87
-62.00 29219.93
-61.50 29153.19
-61.00 29095.96
-60.50 29030.50
-60.00 28956.96
-59.50 28878.63
-59.00 28810.72
-58.50 28731.85
-58.00 28648.60
-57.50 28557.29
-57.00 28461.78
-56.50 28398.71
-56.00 28267.05
-55.50 28167.16
-55.00 28051.51
-54.50 27944.04
-54.00 27824.94
-53.50 27710.08
-53.00 27581.62
-52.50 27458.31
-52.00 27335.70
-51.50 27210.66
-51.00 27081.53
-50.50 26944.62
-50.00 26812.61
-49.50 26681.34
-49.00 26547.94
-48.50 26413.70
-48.00 26278.97
-47.50 26145.16
-47.00 26021.59
-46.50 25887.96
-46.00 25744.29
-45.50 25607.34
-45.00 30133.60
-44.50 25342.35
-44.00 25218.42
-43.50 25087.37
-43.00 24942.95
-42.50 24812.75
-42.00 24676.99
-41.50 24547.32
-41.00 24424.85
-40.50 24285.54
-40.00 24157.62
-39.50 24032.39
-39.00 23904.56
-38.50 23775.46
-38.00 23653.26
-37.50 23518.12
-37.00 23386.02
-36.50 23258.15
-36.00 23132.59
-35.50 22998.66
-35.00 22888.84
-34.50 22767.62
-34.00 22630.08
-33.50 22496.12
-33.00 22376.24
-32.50 22251.97
-32.00 22139.67
-31.50 22007.93
-31.00 21896.08
-30.50 21764.86
-30.00 21646.13
-29.50 21530.98
-29.00 21406.79
-28.50 21281.30
-28.00 21157.22
-27.50 21047.55
-27.00 20936.21
-26.50 20809.19
-26.00 20687.97
-25.50 20559.53
-25.00 20434.14
-24.50 20310.41
-24.00 20184.89
-23.50 20067.26
-23.00 19927.94
-22.50 19811.60
-22.00 19690.35
-21.50 19564.50
-21.00 19444.20
-20.50 19299.90
-20.00 19170.75
-19.50 19030.02
-19.00 18892.77
-18.50 18779.06
-18.00 18649.93
-17.50 18523.00
-17.00 18368.98
-16.50 18200.13
-16.00 18049.03
-15.50 17901.25
-15.00 17764.43
-14.50 17614.71
-14.00 17433.43
-13.50 17258.21
-13.00 17080.76
-12.50 16898.11
-12.00 16718.76
-11.50 16544.66
-11.00 16336.35
-10.50 16136.29
-10.00 15908.17
-9.50 15713.36
-9.00 15533.95
-8.50 15343.47
-8.00 15151.19
-7.50 14880.89
-7.00 14586.21
-6.50 14280.51
-6.00 14048.61
-5.50 13886.67
-5.00 13735.72
-4.50 13502.82
-4.00 13080.12
-3.50 12526.21
-3.00 11977.82
-2.50 11850.83
-2.00 12308.90
-1.50 13538.11
-1.00 15191.42
-0.50 16606.63
0.00 18703.82
0.50 21601.69
1.00 19076.62
1.50 17021.82
2.00 15573.07
2.50 14167.20
3.00 13060.36
3.50 12635.03
4.00 12714.77
4.50 13147.17
5.00 13640.57
5.50 13983.91
6.00 14205.52
6.50 14361.57
7.00 14548.20
7.50 14775.22
8.00 15040.89
8.50 15315.80
9.00 15570.91
9.50 15727.19
10.00 15892.71
10.50 16063.70
11.00 16244.31
11.50 16453.30
12.00 16669.38
12.50 16850.79
13.00 17006.46
13.50 17144.05
14.00 17301.21
14.50 17459.59
15.00 17638.30
15.50 17780.31
16.00 17923.34
16.50 18045.76
17.00 18176.25
17.50 18308.67
18.00 18439.44
18.50 18578.23
19.00 18710.11
19.50 18815.13
20.00 18942.70
20.50 19075.48
21.00 19193.51
21.50 19320.32
22.00 19453.78
22.50 19560.72
23.00 19685.99
23.50 19793.96
24.00 19910.50
24.50 20031.20
25.00 20149.12
25.50 20275.24
26.00 20400.12
26.50 20516.05
27.00 20621.32
27.50 20728.46
28.00 20846.37
28.50 20962.83
29.00 21076.00
29.50 21182.90
30.00 21315.87
30.50 21438.62
31.00 21547.05
31.50 21655.07
32.00 21773.45
32.50 21883.85
33.00 22011.10
33.50 22126.97
34.00 22242.35
34.50 22357.33
35.00 22469.99
35.50 22604.71
36.00 22704.75
36.50 22829.72
37.00 22950.56
37.50 23078.85
38.00 23197.83
38.50 23320.34
39.00 23433.17
39.50 23556.25
40.00 23681.71
40.50 23809.68
41.00 23927.87
41.50 24055.39
42.00 24184.17
42.50 24313.81
43.00 24455.93
43.50 24586.86
44.00 24703.38
44.50 24837.62
45.00 29665.18
45.50 25111.53
46.00 25237.70
46.50 25356.86
47.00 25497.25
47.50 25621.96
48.00 25741.78
48.50 25860.46
49.00 25997.83
49.50 26129.71
50.00 26261.59
50.50 26385.29
51.00 26508.90
51.50 26634.78
52.00 26761.96
52.50 26871.29
53.00 26998.20
53.50 27120.07
54.00 27232.47
54.50 27340.15
55.00 27453.89
55.50 27570.66
56.00 27665.04
56.50 27786.37
57.00 27850.95
57.50 27953.30
58.00 28031.77
58.50 28121.29
59.00 28205.17
59.50 28286.22
60.00 28345.63
60.50 28414.07
61.00 28467.01
61.50 28531.05
62.00 28588.36
62.50 28651.65
63.00 28702.29
63.50 28735.94
64.00 28783.55
64.50 28817.14
65.00 28883.32
65.50 28907.54
66.00 28937.48
66.50 28970.53
67.00 28993.94
67.50 29013.31
68.00 29034.16
68.50 29061.43
69.00 29064.84
69.50 29109.10
70.00 29127.69
70.50 29101.28
71.00 29094.15
71.50 29091.35
72.00 29065.79
72.50 29055.91
73.00 29018.05
73.50 29039.82
74.00 29012.79
74.50 28958.56
75.00 28928.82
75.50 28885.37
76.00 28805.35
76.50 28803.46
77.00 28683.18
77.50 28597.14
78.00 28513.43
78.50 28354.08
79.00 28218.48
79.50 28073.65
80.00 27923.39
80.50 27769.33
81.00 27613.45
81.50 27370.84
82.00 27108.42
82.50 26860.86
83.00 26658.34
83.50 26232.63
84.00 25970.28
84.50 25571.67
85.00 25111.04
85.50 24728.22
86.00 24261.48
86.50 23680.19
87.00 23159.61
87.50 22564.34
88.00 21806.35
88.50 20867.16
