0 5.616771097666572
13 4.553876891600541
22 4.7535901911063645
28 4.941642422609304
34 4.912654885736052
38 5.14166355650266
42 5.147494476813453
46 5.455321115357702
50 5.402677381872279
53 5.5053315359323625
56 5.568344503761097
59 5.673323267171493
61 5.720311776607412
64 5.723585101952381
66 5.817111159963204
69 5.814130531825066
71 5.7745515455444085
73 5.793013608384144
75 5.8916442118257715
77 5.978885764901122
79 5.823045895483019
81 5.855071922202427
83 5.950642552587727
85 5.953243334287785
86 5.808142489980444
88 5.883322388488279
90 5.932245187448011
92 5.700443573390687
93 5.8377304471659395
95 5.857933154483459
96 5.703782474656201
98 5.926926025970411
99 5.802118375377063
101 5.631211781821365
102 5.799092654460526
104 5.877735781779639
105 5.8377304471659395
106 5.752572638825633
108 5.796057750765372
109 5.62040086571715
110 5.71042701737487
112 5.6937321388027
113 5.720311776607412
114 5.713732805509369
115 5.652489180268651
117 5.6937321388027
118 5.58724865840025
119 5.69035945432406
120 5.752572638825633
121 5.60947179518496
122 5.598421958998375
124 5.631211781821365
125 5.680172609017068
126 5.598421958998375
127 5.5134287461649825
128 5.713732805509369
129 5.631211781821365
130 5.545177444479562
131 5.594711379601839
132 5.575949103146316
133 5.58724865840025
134 5.521460917862246
135 5.484796933490655
136 5.5909869805108565
137 5.54907608489522
138 5.568344503761097
139 5.564520407322694
140 5.393627546352362
141 5.393627546352362
142 5.545177444479562
143 5.429345628954441
144 5.5909869805108565
145 5.480638923341991
146 5.545177444479562
147 5.556828061699537
148 6.2166061010848646
149 5.4638318050256105
150 5.3706380281276624
151 5.3706380281276624
152 5.484796933490655
153 5.541263545158426
154 5.41610040220442
155 6.1779441140506
156 5.493061443340548
157 5.4638318050256105
158 5.480638923341991
159 6.2285110035911835
160 5.488937726156687
161 5.3612921657094255
162 5.459585514144159
163 6.173786103901937
164 5.501258210544727
165 5.3981627015177525
166 5.4510384535657
167 6.186208623900494
168 5.480638923341991
169 5.459585514144159
170 6.12029741895095
171 5.541263545158426
172 5.521460917862246
173 6.304448802421981
174 5.598421958998375
175 6.240275845170769
176 5.389071729816501
177 5.407171771460119
178 6.154858094016418
179 5.556828061699537
180 6.269096283706261
181 5.6131281063880705
182 6.206575926724928
183 5.602118820879701
184 5.568344503761097
185 6.329720905522696
186 5.53338948872752
187 6.19644412779452
188 5.575949103146316
189 6.35088571671474
190 6.423246963533519
191 5.771441123130016
192 6.391917113392602
193 5.811140992976701
194 6.432940092739179
195 5.655991810819852
196 6.54534966033442
197 6.516193076042964
198 5.8971538676367405
199 6.594413459749778
200 6.647688373563329
201 6.023447592961033
202 6.775366090936392
203 6.906754778648554
204 6.282266746896006
205 7.046647277848756
206 7.23561914106675
207 6.626717749249025
208 7.455876687491824
209 7.5740450053721995
210 7.763446388727362
211 7.181591944611865
212 8.024862150286411
213 8.236685322712457
214 8.422882511944996
215 8.580355766373877
216 8.723068501163928
217 8.127109185346375
218 8.859931469616097
219 8.896451207355227
220 8.893572718629304
221 8.893984438939794
222 8.888342869109282
223 8.924656302187074
224 8.9005490139363
225 8.16194579946869
226 8.731013415269564
227 8.459775920546287
228 8.013674142832684
229 7.373374309910049
230 6.480044561926653
231 5.424950017481403
232 3.8918202981106265
233 2.833213344056216
234 2.0794415416798357
