0 -1.3176365659450302
1 -1.3931085395184277
2 -1.3705739998911934
3 -1.2847714653960471
4 -1.2940315018699464
5 -1.3151208334925837
6 -1.3305899117640105
7 -1.3524286105001426
8 -1.3948749048573796
9 -1.3395287909035547
10 -1.309607632586158
11 -1.303130959676668
12 -1.2990629667748395
13 -1.3069848476889265
14 -1.3423656806903563
15 -1.3640973269817034
16 -1.296654286767178
17 -1.2676430742304534
18 -1.2875013027380637
19 -1.2658767088915015
20 -1.2413616990357454
21 -1.3093935276965882
22 -1.3112134192579326
23 -1.248106003057198
24 -1.2528698368501288
25 -1.2762607960356427
26 -1.2567237248623875
27 -1.2435027479314447
28 -1.2644315008869047
29 -1.2692488609022279
30 -1.2608987702090009
31 -1.2247685700940765
32 -1.2171678465143443
33 -1.2548503070786505
34 -1.2790441596000517
35 -1.3084835819159162
36 -1.2824698378331705
37 -1.2575801444206671
38 -1.2244474127597216
39 -1.2175960562934842
40 -1.2287830367735126
41 -1.2663049186706414
42 -1.2891606156322306
43 -1.2520134172918491
44 -1.243984483932977
45 -1.2489624226154776
46 -1.226160251876281
47 -1.212243434054236
48 -1.2831121525018803
49 -1.310035842365298
50 -1.2599352982059362
51 -1.2308170332244268
52 -1.2255714634299637
53 -1.2500864732857198
54 -1.2844503080616922
55 -1.3226680308499235
56 -1.2952626049849734
57 -1.2534586252964461
58 -1.2667866546721738
59 -1.2647526582212594
60 -1.2351526572382177
61 -1.2816669444972832
62 -1.3726079963421078
63 -1.2834333098362352
64 -1.234403290124723
65 -1.260149403095506
66 -1.257794249310237
67 -1.2355808670173576
68 -1.261701663544888
69 -1.2772242680387074
70 -1.2581154066445919
71 -1.2567237248623875
72 -1.273049222692094
73 -1.25656314619521
74 -1.24944415861701
75 -1.351572190941863
76 -1.3410275251305444
77 -1.2269096189897757
78 -1.2683924413439482
79 -1.320955191733364
80 -1.2833797836138428
81 -1.2732098013592714
82 -1.2958513934312907
83 -1.2874477765156713
84 -1.2820416280540308
85 -1.2831656787242727
86 -1.2776524778178473
87 -1.2558673053041076
88 -1.3002940698898666
89 -1.3754448861289092
90 -1.289428246744193
91 -1.2428604332627349
92 -1.2712293311307497
93 -1.2665190235602113
94 -1.245536744382359
95 -1.2944597116490861
96 -1.3122304174833896
97 -1.2825768902779555
98 -1.2543685710771182
99 -1.2238050980910118
100 -1.2475172146108808
101 -1.2693559133470127
102 -1.2901776138576877
103 -1.2799005791583316
104 -1.2171678465143443
105 -1.238631861693729
106 -1.247196057276526
107 -1.216257900733672
108 -1.2298535612213621
109 -1.2625045568807753
110 -1.182589906848802
111 -1.066330951812334
112 -1.0501125064274126
113 -1.0278455979121406
114 -0.938670911406268
115 -0.8974021939416655
116 -0.8894803130275785
117 -0.8134195510078636
118 -0.7478499285770749
119 -0.7111309400158332
120 -0.7048148457735206
121 -0.6961435977459387
122 -0.7656741606337709
123 -0.7961305811750924
124 -0.7407844672212675
125 -0.7322737978608631
126 -0.7187316635955655
127 -0.772471990877616
128 -0.850780854237815
129 -0.889105629470831
130 -0.8538318489141864
131 -0.7961841073974848
132 -0.7298651178532014
133 -0.5551555279641449
134 -0.24818264254326908
135 0.010884273836336746
136 0.0916018172041974
137 0.3061884427756519
138 0.49631358471374276
139 0.49824052871987207
140 0.4638766939438996
141 0.3996452270729229
142 0.19967126021461562
143 0.006441597377760862
144 0.031545395679834234
145 0.03887848814760407
146 -0.03022386496108831
147 -0.06662169618797507
148 -0.04521120723098286
149 -0.11206545899919106
150 -0.1163475567905895
151 0.01516637162773519
152 0.05279530596964901
153 0.016718632077117126
154 0.07120832647266231
155 0.17724377303216626
156 0.30677723122196915
157 0.6133219068637052
158 0.8670897272264555
159 0.6900249835521298
160 0.60026150859994
161 0.7277609703388286
162 0.6821031026380427
163 0.34172985444425896
164 -0.21387233398968905
165 -0.7881551740386128
166 -1.0252763392373014
167 -1.0438499384074922
168 -1.0083620529612778
169 -1.0442781481866321
170 -1.1088842986143561
171 -1.073235834500964
172 -1.061192434462656
173 -1.0904177518889504
174 -1.0932011154533594
175 -1.066759161591474
176 -1.119214859536105
177 -1.1375208275943332
178 -1.0907924354456977
179 -1.065206901142092
180 -1.054287551774026
181 -1.0744669376159912
182 -1.0910600665576602
183 -1.1088842986143561
184 -1.0147851996483754
185 -0.8596126809325743
186 -0.7699562584251693
187 -0.669112855437736
188 -0.5457349128230684
189 -0.5327280407816957
190 -0.5722303929073462
191 -0.4774354530502632
192 -0.4978289437817983
193 -0.5470730683828804
194 -0.5260372629826355
195 -0.4995953091207502
196 -0.5295164674381467
197 -0.6201363619486163
198 -0.6392452233427319
199 -0.6299851868688328
200 -0.5709992897923192
201 -0.363906335355812
202 -0.09616817094862433
203 0.0630188144466128
204 0.20968066380200948
205 0.3851931470269532
206 0.5324437848286672
207 0.7124524707345792
208 1.1380929911995845
209 1.5540452654115506
210 1.5813436388317157
211 1.5208054813058203
212 1.4794832376188254
213 1.2562788902421815
214 1.0714528443209461
215 1.0079172183410718
216 0.9926622449592148
217 0.880738913936538
218 0.7423736290519758
219 0.7327924352437218
220 0.8021624194643766
221 0.8625399983230946
222 0.9155309584916503
223 0.9098036526956549
224 0.9524105257200695
225 1.2126550189923098
226 1.575027544589403
227 1.8119881311209145
228 1.9113327998813583
229 1.831418149849385
230 1.613994634491129
231 1.4791620802844705
232 1.4366087334824484
233 1.2990998681561658
234 0.8605595280945728
235 0.1521399747300929
236 -0.4653920530119551
237 -0.757217017495759
238 -0.7558253357135545
239 -0.7305074325219112
240 -0.8044806718683193
241 -0.8211808532547732
242 -0.7674940521951152
243 -0.8154000212363853
244 -0.9071974926394895
245 -0.8496568035675729
246 -0.7994492069634261
247 -0.7776640344496866
248 -0.8035707260876471
249 -0.8528683769111217
250 -0.9532300438970227
251 -0.9930000271346358
252 -0.9188662091210502
253 -0.874171813423329
254 -0.8198426976949612
255 -0.7855323891413812
256 -0.7787880851199287
257 -0.8075851927670832
258 -0.7507403445862688
259 -0.6614586056356113
260 -0.7061530013333326
261 -0.73393311075503
262 -0.7257435987289804
263 -0.7567888077166192
264 -0.7772893508929392
265 -0.7228531827197865
266 -0.7062600537781175
267 -0.7104886253471235
268 -0.704868371995913
269 -0.757109965050974
270 -0.8113320283345569
271 -0.7635331117380717
272 -0.5670918755576682
273 -0.423052811099503
274 -0.22104484779028144
275 0.037326227698222136
276 0.25710489684174725
277 0.37577253188587656
278 0.670220281266912
279 1.2501769008894388
280 1.6116394807058598
281 1.629249607872986
282 1.459732061556
283 1.1500293387931075
284 0.8233052773094064
285 0.6529313114341408
286 0.68269189108436
287 0.7312937010167323
288 0.7417848406056585
289 0.8148481341713945
290 0.8208430710793523
291 0.7164134111916227
292 0.7588597055488598
293 0.9730181213411745
294 1.0983765341843639
295 1.2199345852376873
296 1.3966246453552655
297 1.4905631656540688
298 1.5840199499513399
299 1.740530624226953
300 1.613780529601559
301 1.3559447163369802
302 1.2775288005319962
303 1.3338383864888859
304 1.1246043831566794
305 0.5908408934588634
306 -0.11227956388876098
307 -0.6533226198319543
308 -0.8190933305814665
309 -0.7218897107167218
310 -0.7068488422244348
311 -0.7877804904818654
312 -0.7962376336198773
313 -0.7764329313346595
314 -0.8456423368881368
315 -0.8705320303006403
316 -0.8317255190660919
317 -0.7994492069634261
318 -0.8208061696980259
319 -0.8539389013589713
320 -0.8504061706810676
321 -0.8239106905967898
322 -0.8082810336581855
323 -0.7856929678085587
324 -0.7747736184404926
325 -0.7567352814942266
326 -0.6450795815835123
327 -0.6360336499991831
328 -0.7172329293685761
329 -0.7699027322027769
330 -0.7732748842135032
331 -0.8084951385477553
332 -0.8109038185554169
333 -0.7746130397733152
334 -0.768350471753395
335 -0.7556112308239846
336 -0.7078123142274995
337 -0.6990340137551326
338 -0.7388575232151382
339 -0.775255354442025
340 -0.8088162958821102
341 -0.8063540896520561
342 -0.7499374512503817
343 -0.5864148418413536
344 -0.3507388846472618
345 -0.07550704910512684
346 0.24789838659024058
347 0.38963582348552905
348 0.5648806755985103
349 1.0659931696369132
350 1.7584083825060415
351 2.0457371443088768
352 1.7684713123158278
353 1.5042658785865437
354 1.173687929090584
355 0.9406347567937238
356 0.9824922627046435
357 1.0179266219284657
358 0.8371150426866664
359 0.6877768822116457
360 0.6619237167960775
361 0.6841906253113494
362 0.7917248060978429
363 0.9390289701219493
364 1.0975736408484766
365 1.1757754517638908
366 1.327415239801788
367 1.6386702230140624
368 1.8043338813187897
369 1.6731946364572123
370 1.4838723878550086
371 1.2630767204860265
372 1.1009993190815954
373 1.387096977769404
374 1.573903493919161
375 1.416054664083736
376 0.7243888183281023
377 -0.04943977879998882
378 -0.5008264122357772
379 -0.5781718035929116
380 -0.5338520914519377
381 -0.5456813866006759
382 -0.5597052568675058
383 -0.5844878978352243
384 -0.6012951316664632
385 -0.663546128308918
386 -0.6855454057122276
387 -0.6303063442031877
388 -0.596156614316785
389 -0.5389370825792233
390 -0.4466578751745869
391 -0.47518735170977905
392 -0.6930926030695673
393 -0.8016437820815179
394 -0.8040524620891795
395 -0.7714549926521588
396 -0.7431931472289292
397 -0.7762188264450895
398 -0.817915753688832
399 -0.8219837465906604
400 -0.6937349177382771
401 -0.578439434704874
402 -0.5642014595484742
403 -0.6093775912477277
404 -0.6301992917584027
405 -0.6228126730682404
406 -0.5574571555270216
407 -0.46507089567760024
408 -0.47015588680488585
409 -0.5123345500501605
410 -0.5697146604548997
411 -0.653857882055879
412 -0.6852777746002652
413 -0.5548343706297901
414 -0.24336528252794581
415 0.1457703542653877
416 0.38037578701162994
417 0.5168676541124553
418 0.6521284180982536
419 0.8329399973400529
420 1.2622203009277468
421 1.736087947768377
422 1.7542868633818205
423 1.5060322439254956
424 1.177809448214805
425 0.9606535639685114
426 0.9599041968550167
427 1.1083859377717578
428 1.0930239119451157
429 0.7945081696622518
430 0.747512146401654
431 0.8919258944165664
432 0.7558622370948809
433 0.7017472262560831
434 0.9073414464656008
435 1.0807664070172378
436 1.1782376579939449
437 1.4118796187371223
438 1.6348698612241963
439 1.7060597370061954
440 1.6379743821229602
441 1.382761353755613
442 1.0580177625004334
443 0.9813682120344014
444 1.0602658638409177
445 0.9395107061234816
446 0.3421580642233988
447 -0.332165285477071
448 -0.6534831984991317
449 -0.6958759666339763
450 -0.7217291320495444
451 -0.7746130397733152
452 -0.8491750675660406
453 -0.9092314890904037
454 -0.8266940541611988
455 -0.776593510001837
456 -0.8089233483268952
457 -0.8408249768728137
458 -0.8661964062868494
459 -0.9137812179937645
460 -0.9270021949247073
461 -0.8942441468205092
462 -0.874278865868114
463 -0.8502991182362827
464 -0.8014296771919479
465 -0.7633190068485017
466 -0.8425378159893729
467 -0.8661964062868494
468 -0.7976293154020818
469 -0.7701703633147393
470 -0.7304003800771263
471 -0.6736625843410968
472 -0.6467388944776792
473 -0.6700228012184082
474 -0.6138202677063036
475 -0.5150108611697846
476 -0.45532912320216873
477 -0.438200732036575
478 -0.43279458357493444
479 -0.5051085100271756
480 -0.6008133956649309
481 -0.6408510100145063
482 -0.6715215354453976
483 -0.5762983858091748
484 -0.2996748684848353
485 0.103698743464898
486 0.42507018270935115
487 0.5709826649512532
488 0.6938788715643884
489 0.7547381864246389
490 0.9540163123918438
491 1.3965175929104805
492 1.6929458125200376
493 1.4601067451127474
494 1.1212857573683455
495 1.0107005819054808
496 0.8708900890163216
497 0.8013059999060969
498 0.8298890026636815
499 0.8545110649642226
500 0.8677855681175577
501 0.9137645931526985
502 0.9047721877907617
503 0.8325653137833056
504 0.8458933431590332
505 0.942561700799853
506 1.0173913597045408
507 1.1253002240477816
508 1.372751950168219
509 1.6350304398913738
510 1.767400787867978
511 1.7611382198480579
512 1.4550752802078541
513 1.1009993190815954
514 1.1201617066981036
515 1.3011873908294727
516 1.1060307839864887
517 0.4356683747430623
518 -0.2453457527564676
519 -0.5477153830515902
520 -0.7045472146615581
521 -0.7500980299175591
522 -0.7566817552718342
523 -0.8363823004142377
524 -0.8603085218236766
525 -0.8299056275047476
526 -0.8545276898052886
527 -0.9008813983971767
528 -0.8734759725322268
529 -0.8620748871626284
530 -0.8621819396074133
531 -0.8834853761196206
532 -0.9298926109339012
533 -0.9375468607360259
534 -0.9287150340412667
535 -0.8728871840859095
536 -0.8628242542761231
537 -0.8855728987929273
538 -0.9018983966226339
539 -0.8983656659447302
540 -0.9053776010781451
541 -0.8578463155936225
542 -0.7141284084698122
543 -0.5940690916434783
544 -0.55526258040893
545 -0.5746925991374003
546 -0.6353913353304733
547 -0.762997849514147
548 -0.7758976691107347
549 -0.7286875409605669
550 -0.7626231659573995
551 -0.7825349206874023
552 -0.7611244317304101
553 -0.7887974887073225
554 -0.7672799473055454
555 -0.39687848834958
556 0.1925522726364157
557 0.5811526472058244
558 0.7438188370565728
559 0.8056416239198878
560 0.9112488607002519
561 1.200665145176394
562 1.6557986141796561
563 1.8243526884935775
564 1.6557450879572637
565 1.3930383884549693
566 1.1729920881994818
567 0.9476466919271387
568 0.9315888252093946
569 0.9752126964592661
570 0.823037646197444
571 0.6813002093021555
572 0.6612278759049753
573 0.7190361960888543
574 0.7581638646577575
575 0.7841776087405031
576 0.8681067254519126
577 1.0417457908931194
578 1.2530137906762402
579 1.509083238601867
580 1.7486130838082174
581 1.8132192342359414
582 1.612335321596962
583 1.1627150535001254
584 0.8718535610193863
585 0.8489443378354046
586 0.8337428906759401
587 0.3823562572401517
588 -0.43472152758106375
589 -0.8408785030952061
590 -0.9293573487099764
591 -0.9200437860136848
592 -0.8857334774601048
593 -0.8819331156702387
594 -0.9494832083295491
595 -0.9756040048570797
596 -0.9466998447651401
597 -0.9845964102190163
598 -1.031003645033297
599 -0.9563345647957866
600 -0.9223454135765614
601 -0.9859880920012208
602 -0.9856134084444734
603 -0.953925884788125
604 -0.9816524679874299
605 -0.9990484902649861
606 -0.9836864644383442
607 -0.9708401710641489
608 -0.9809566270963277
609 -0.8992756117254024
610 -0.8664640373988118
611 -0.8896944179171483
612 -0.8001985740769209
613 -0.6510209922690776
614 -0.6234549877369502
615 -0.680139257250587
616 -0.666329491873327
617 -0.611625692588212
618 -0.5551555279641449
619 -0.5699287653444696
620 -0.6115186401434269
621 -0.6664900705405045
622 -0.710435099124731
623 -0.7091504697873114
624 -0.6571229816218204
625 -0.438200732036575
626 0.0910665549802726
627 0.497009425604845
628 0.25517795283561795
629 0.44792587967094033
630 0.7165739898588002
631 0.8932640499763784
632 1.4067946276098366
633 1.7296112748588868
634 1.7538051273802882
635 1.4563599095452737
636 1.0939873839481804
637 0.9116235442569993
638 0.8715859299074238
639 0.8628076294350571
640 0.8434311369289791
641 0.7196249845351715
642 0.6996061773603839
643 0.7992184772327902
644 0.832618840005698
645 0.8356698346820693
646 0.8964756233199273
647 1.0032604369929259
648 1.1481023947869784
649 1.4066875751650518
650 1.7219570250567622
651 1.8837667953492307
652 1.631390656768685
653 1.277742905421566
654 1.0365537473210489
655 0.8876973228475604
656 0.9657920813181896
657 0.9075555513551707
658 0.3297399806283433
659 -0.33837432727459876
660 -0.6477023664807439
661 -0.7412662032227998
662 -0.7962911598422698
663 -0.6989804875327402
664 -0.6903092395051583
665 -0.7624625872902221
666 -0.786174703810091
667 -0.7532025508163229
668 -0.8090839269940726
669 -0.8782933325475499
670 -0.8456958631105294
671 -0.8214484843667357
672 -0.8731548151978719
673 -0.8854123201257499
674 -0.8940835681533318
675 -0.9616871870350346
676 -0.9376003869584184
677 -0.8408785030952061
678 -0.8111179234449869
679 -0.7930260602763285
680 -0.7060459488885477
681 -0.6283794001970583
682 -0.6664900705405045
683 -0.5670383493352756
684 -0.4556502805365236
685 -0.5044126691360734
686 -0.5270542612080927
687 -0.4563996476500184
688 -0.4870701730809097
689 -0.5685906097846576
690 -0.5538708986267254
691 -0.5438614950393316
692 -0.5774224364794168
693 -0.587913576068343
694 -0.5798846427094709
695 -0.5547273181850051
696 -0.3394983779448409
697 0.1268220715384496
698 0.6752517461718052
699 1.0380524815480383
700 1.0142333125833844
701 0.8774202881482042
702 1.1164148711306299
703 1.7411194126732703
704 2.1491498059711494
705 2.0022203255037905
706 1.6383490656797075
707 1.3391374825057414
708 1.102069843529445
709 0.9714658608917925
710 0.9263967816373239
711 0.8018412621300217
712 0.7723483135917649
713 0.8481949707219099
714 0.9137645931526985
715 0.8468568151620978
716 0.8226094364183041
717 0.9496271621556605
718 1.104532049759499
719 1.3949653324610984
720 1.783083971028975
721 2.020900977118766
722 1.919201154573053
723 1.6245928265248402
724 1.3228655108984273
725 1.2130297025490573
726 1.2555295231286867
727 1.1813421788927088
728 0.7958463252220639
729 0.04969078507088514
730 -0.5829356373858423
731 -0.8225725350369777
732 -0.8231077972609026
733 -0.7729002006567558
734 -0.7497233463608117
735 -0.7976828416244743
736 -0.8948329352668265
737 -0.8154535474587778
738 -0.7511150281430162
739 -0.7982181038483991
740 -0.8273363688299085
741 -0.8088698221045028
742 -0.8500314871243203
743 -0.8761522836518507
744 -0.8311367306197747
745 -0.8584886302623321
746 -0.9242188313602983
747 -0.9338000251685523
748 -0.9010955032867467
749 -0.9288756127084441
750 -0.9053776010781451
751 -0.8154000212363853
752 -0.7778781393392565
753 -0.7266535445096526
754 -0.6132850054823789
755 -0.5503381679488217
756 -0.5777971200361642
757 -0.6069689112400661
758 -0.6410651149040762
759 -0.6755360021248337
760 -0.6585146634040249
761 -0.6153190019332931
762 -0.6116792188106044
763 -0.652626778940852
764 -0.64459784558198
765 -0.6008669218873234
766 -0.4073696279385062
767 0.03539928369209283
768 0.5832936961015236
769 0.857562059640594
770 0.945452116809047
771 1.1546325939188609
772 1.3449183145241292
773 1.5826282681691353
774 1.8407317125456766
775 1.8796452762250098
776 1.6859874036090152
777 1.439552675714035
778 1.2646289809354083
779 1.1107410915570268
780 0.9201342136174037
781 0.7934376452144022
782 0.7589132317712523
783 0.711756629843477
784 0.7796814060595347
785 0.8906947913015394
786 0.8918188419717815
787 0.9210441593980758
788 1.0640662256307838
789 1.2364206617345712
790 1.4683497833611894
791 1.73421452998464
792 1.8706528708630732
793 1.853256848585517
794 1.6598666070814847
795 1.5019107248012746
796 1.4027801609304007
797 1.19151216114728
798 0.9823852102598586
799 0.5961935156981114
800 -0.08851392114649961
801 -0.5996893449946887
802 -0.7632119544037168
803 -0.8585421564847247
804 -0.8670528258451291
805 -0.8353117759663881
806 -0.8251417937118168
807 -0.8012690985247705
808 -0.8173269652425147
809 -0.8670528258451291
810 -0.9434347451991988
811 -0.9425247994185266
812 -0.9049493912990053
813 -0.9114795904308879
814 -0.922077782464599
815 -0.9302672944906486
816 -0.9321942384967778
817 -0.921060784239142
818 -0.8186115945799342
819 -0.7520785001460809
820 -0.7435678307856765
821 -0.7664235277472656
822 -0.7687786815325348
823 -0.7308285898562661
824 -0.6982311204192454
825 -0.6219027272875682
826 -0.59626366676157
827 -0.5978694534333444
828 -0.622652094401063
829 -0.6539649345006641
830 -0.6521450429393197
831 -0.6545001967245888
832 -0.6719497452245375
833 -0.6537508296110941
834 -0.6422426917967108
835 -0.6244719859624073
836 -0.54814359283073
837 -0.3356444899325823
838 0.19945715532504568
839 0.7778615144981904
840 1.0423345793394367
841 1.1291541120600401
842 1.2250731025873653
843 1.3839389306482475
844 1.5839128975065548
845 1.744652143351174
846 1.7464185086901258
847 1.6473949972640367
848 1.4609096384486346
849 1.298457553487456
850 1.0872966061491205
851 1.0144474174729543
852 1.0492394620280667
853 0.9403671256817613
854 0.9116235442569993
855 1.005401485888625
856 1.041799317115512
857 1.063102753627719
858 1.1326333165155513
859 1.2981363961531012
860 1.5949928255417982
861 1.9470347902171428
862 2.145777653960423
863 2.1137689729697198
864 1.796679631516665
865 1.5114383923871362
866 1.4134318791865044
867 1.3114644255288288
868 1.1272806942763034
869 0.8414506667004573
870 0.33150634596729517
871 -0.34399458062580923
872 -0.7035837426584935
873 -0.7978969465140442
874 -0.7973081580677269
875 -0.7697956797579919
876 -0.7646571624083138
877 -0.8344553564081084
878 -0.8613790462715262
879 -0.8565081600338104
880 -0.893334201039837
881 -0.9262528278112125
882 -0.9501790492206513
883 -0.9541399896776949
884 -0.9728206412926707
885 -0.9763533719705744
886 -0.9665045470503579
887 -0.9217030989078517
888 -0.8228401661489402
889 -0.7010144839836544
890 -0.6907909755066907
891 -0.7435143045632839
892 -0.6806209932521193
893 -0.6007063432201459
894 -0.5679482951159478
895 -0.5536032675147631
896 -0.535671983013282
897 -0.5526933217340908
898 -0.5905363609655746
899 -0.5391511874687933
900 -0.5350831945669647
901 -0.5678947688935553
902 -0.5794564329303311
903 -0.5752278613613252
904 -0.6341602322154463
905 -0.6510209922690776
906 -0.5568683670807043
907 -0.3025117582716368
908 0.11344051594032946
909 0.41516783156674225
910 0.6792662128512412
911 0.8970108855438521
912 1.099821742188961
913 1.297333502817214
914 1.547300961390098
915 1.8593053117158673
916 2.0582622803487176
917 2.0451483558625596
918 1.7504865015919542
919 1.5319389355634563
920 1.415305296970241
921 1.2188105345674451
922 1.1425356676581604
923 1.1812886526703161
924 1.0323251757520429
925 0.8863056410653559
926 0.9449168545851222
927 0.9960879231923335
928 1.0693653216476393
929 1.1574694837056625
930 1.3077175899613553
931 1.53568577113093
932 1.834897354304896
933 2.1444930246230034
934 2.266051075676327
935 1.9753501618627651
936 1.5344546680159028
937 1.3098586388570546
938 1.1466571867823814
939 0.9622058244178934
940 0.7663533766838071
941 0.3794658412309577
942 -0.25765678390673813
943 -0.6255425104102569
944 -0.7708662042058415
945 -0.8552770569187833
946 -0.7970405269557646
947 -0.7728466744343633
948 -0.8158817572379177
949 -0.8253558986013867
950 -0.7954882665063826
951 -0.8207526434756334
952 -0.8360611430798829
953 -0.8045341980907118
954 -0.8315649403989145
955 -0.8698361894095381
956 -0.8482115955629759
957 -0.8058723536505238
958 -0.8956358286027136
959 -0.9696090679491218
960 -0.9286079815964817
961 -0.8262658443820589
962 -0.7910991162701991
963 -0.8426983946565504
964 -0.8319931501780543
965 -0.7958629500631299
966 -0.7398745214405953
967 -0.7137537249130648
968 -0.729704539186024
969 -0.7368235267642239
970 -0.7580199108316462
971 -0.7714014664297664
972 -0.7942571633913555
973 -0.7367700005418314
974 -0.6955012830772289
975 -0.6884358217214215
976 -0.6572300340666054
977 -0.5037703544673636
978 -0.22987667448504073
979 0.13099711688506308
980 0.6560358323329047
981 1.0719345803224785
982 1.2471259062130673
983 1.3824937226436507
984 1.4633183184562961
985 1.5779179605985971
986 1.8289024173969384
987 2.0028091139501076
988 1.9044279171927283
989 1.6764597360231537
990 1.539379080476011
991 1.3991939040301045
992 1.2960488734797946
993 1.3757494186221981
994 1.385223559985667
995 1.1660336792884594
996 1.042709262896184
997 1.0996611635217834
998 1.1664083628452067
999 1.201414512289889
1000 1.2665559249415377
1001 1.4573233815483384
1002 1.777945453679297
1003 2.122814904554049
1004 2.3533523443984627
1005 2.2659975494539344
1006 1.9474629999962827
1007 1.7686854172053976
1008 1.675175106685734
1009 1.496504576339634
1010 1.1198405493637487
1011 0.45445607880282296
1012 -0.22682567980866933
1013 -0.5255555269811032
1014 -0.4716010948094828
1015 -0.43027885112248787
1016 -0.4296900626761706
1017 -0.46742604946286936
1018 -0.5396329234703257
1019 -0.6357124926648282
1020 -0.623776145071305
1021 -0.5721233404625613
1022 -0.5504987466159992
1023 -0.4936538984351848
1024 -0.42310633732189545
1025 -0.4576307507650454
1026 -0.5869501040652784
1027 -0.6359265975543981
1028 -0.6311092375390749
1029 -0.5740502844686906
1030 -0.48889006464225404
1031 -0.4980430486713682
1032 -0.6316980259853922
1033 -0.6747331087889464
1034 -0.5530680052908382
1035 -0.3311482872516139
1036 -0.09140433715569357
1037 -0.014968891579231354
1038 -0.14102314531352303
1039 -0.3301312890261568
1040 -0.38595913898151396
1041 -0.32253056544642456
1042 -0.3310947610292214
1043 -0.34924015042027234
1044 -0.3578043460030692
1045 -0.39982243058116645
1046 -0.46464268589846036
1047 -0.39687848834958
1048 -0.11982676124610073
1049 0.3851931470269532
1050 0.935763870556008
1051 1.2785457987574533
1052 1.5696213961277625
1053 1.7039186881104962
1054 1.8467266494536343
1055 2.0933754822381845
1056 2.2720995388066774
1057 2.151290854866849
1058 1.8246738458279324
1059 1.459625009111215
1060 1.2199345852376873
1061 1.2469118013234974
1062 1.3101797961914095
1063 1.307557011294178
1064 1.3182087295502813
1065 1.3070752752926456
1066 1.263237299153204
1067 1.2471259062130673
1068 1.2695533933955165
1069 1.3586745536789968
1070 1.5072633470405228
1071 1.804922669765107
1072 2.0734102012857893
1073 2.2142376924004057
1074 2.4786572310192594
1075 2.316847460726791
1076 1.7966261052942725
1077 1.5323136191202036
1078 1.4032083707095406
1079 1.1127215617855486
1080 0.6103779646321188
1081 0.24827307014698793
1082 -0.08840686870171466
1083 -0.3797500971839862
1084 -0.5627562515438772
1085 -0.6446513718043724
1086 -0.7013356413180093
1087 -0.7234954973884963
1088 -0.6936813915158846
1089 -0.6892387150573087
1090 -0.724458969391561
1091 -0.7499909774727741
1092 -0.7636401641828566
1093 -0.7992351020738562
1094 -0.7785204540079662
1095 -0.7125761480204302
1096 -0.7452271436798433
1097 -0.7818926060186925
1098 -0.7617667463991199
1099 -0.7841407073591767
1100 -0.8359005644127054
1101 -0.7317385356369382
1102 -0.6443302144700176
1103 -0.6351237042185109
1104 -0.5577247866389841
1105 -0.3958079639017304
1106 -0.35475335132669783
1107 -0.42010886886791654
1108 -0.3328076001457808
1109 -0.2703960248361485
1110 -0.26557866482082526
1111 -0.29132477779160837
1112 -0.33591212104454465
1113 -0.44960181740617333
1114 -0.46689078723894456
1115 -0.39982243058116645
1116 -0.3690983789278826
1117 -0.29774792447870607
1118 -0.15194249468158905
1119 0.14887487516415157
1120 0.5296068950418656
1121 0.9201877398397962
1122 1.330198603366197
1123 1.4220496009916936
1124 1.3601197616835936
1125 1.4785732918381531
1126 1.7052568436703082
1127 1.7823346039154802
1128 1.7969472626286274
1129 1.715587404592057
1130 1.5223042155328097
1131 1.331750863815579
1132 1.2350289799523666
1133 1.1393240943146115
1134 1.0668495891951928
1135 1.1453190312225694
1136 1.1454260836673542
1137 1.0885277092641474
1138 1.0804987759052753
1139 1.1205363902548509
1140 1.1229450702625123
1141 1.2928373001362456
1142 1.6051628077963696
1143 1.9671606498367156
1144 2.4048445703400287
1145 2.6037480127504864
1146 2.3021277495688586
1147 1.7057921058942331
1148 1.2964235570365419
1149 1.187604746912629
1150 0.9696459693304482
1151 0.5523020133362774
1152 0.1661638449969228
1153 -0.12394828037032174
1154 -0.35116709442640165
1155 -0.37370163405363593
1156 -0.3855844554247666
1157 -0.4663019987926273
1158 -0.4772748743830858
1159 -0.43065353467923523
1160 -0.4401276760427043
1161 -0.42663906799979917
1162 -0.3367150143804319
1163 -0.3089349049587345
1164 -0.3917399709999019
1165 -0.5374383483522339
1166 -0.5965312978735324
1167 -0.61007343213883
1168 -0.6055237032354691
1169 -0.567305980447238
1170 -0.5237891616421514
1171 -0.47154756858709035
1172 -0.4554897018693462
1173 -0.4972936815578735
1174 -0.6042390738980497
1175 -0.5570289457478818
1176 -0.42653201555501424
1177 -0.42353454710103533
1178 -0.42208933909643837
1179 -0.43964594004117197
1180 -0.5053226149167456
1181 -0.5805269573781807
1182 -0.5382412416881212
1183 -0.5243244238660761
1184 -0.5382947679105136
1185 -0.5132444958308326
1186 -0.4987388895624705
1187 -0.5878600498459505
1188 -0.6124285859240991
1189 -0.3685631167039578
1190 0.02902966322738765
1191 0.49470779804196835
1192 0.9624199293074633
1193 1.1836438064555854
1194 1.1728850357546967
1195 1.330305655810982
1196 1.730628273084344
1197 2.054461918558851
1198 2.1345906734803948
1199 2.0116409406448668
1200 1.7085219432362495
1201 1.4317913734671253
1202 1.2649501382697632
1203 1.1105805128898494
1204 0.9842586280435953
1205 0.983669839597278
1206 1.030344705523521
1207 1.0083989543426042
1208 0.9692177595513083
1209 1.0211917214944068
1210 1.0895447074896045
1211 1.2060712936380347
1212 1.4193197636496773
1213 1.7751085638924953
1214 2.0701451017198482
1215 2.2783085806042047
1216 2.435836253105275
1217 2.0339613753825314
1218 1.5202166928595031
1219 1.2623808795949243
1220 1.1330080000722988
1221 0.8495331262817218
1222 0.41249152044711823
1223 -0.0451041547861979
1224 -0.42947595778660064
1225 -0.5966918765407099
1226 -0.7198557142658076
1227 -0.7691533650892821
1228 -0.7782528228960038
1229 -0.7550759686000598
1230 -0.7376799463225036
1231 -0.7613920628423725
1232 -0.7786810326751437
1233 -0.7952206353944202
1234 -0.8085486647701479
1235 -0.8024466754174051
1236 -0.7354853712044119
1237 -0.7129508315771776
1238 -0.7585016468331786
1239 -0.7845689171383166
1240 -0.7456018272365907
1241 -0.7904032753790969
1242 -0.765567108188986
1243 -0.6744654776769841
1244 -0.6420821131295333
1245 -0.6101269583612224
1246 -0.5935338294195535
1247 -0.6132314792599863
1248 -0.6615656580803962
1249 -0.6087888028014105
1250 -0.5018969366836268
1251 -0.47122641125273546
1252 -0.4626622156699386
1253 -0.49740073400265844
1254 -0.552372164399736
1255 -0.6096452223596901
1256 -0.5530144790684457
1257 -0.5140473891667199
1258 -0.5689652933414049
1259 -0.517740698511801
1260 -0.16682278450669866
1261 0.307205441001109
1262 0.6286839326903472
1263 1.0406217402228775
1264 1.2776893791991737
1265 1.3511808825440494
1266 1.5166304359592069
1267 1.7270420161840478
1268 1.736302052657947
1269 1.743099882901792
1270 1.6263591918637919
1271 1.4343071059195718
1272 1.3520908283247217
1273 1.1998622518405069
1274 1.0965031164006271
1275 0.9119447015913541
1276 0.7933841189920098
1277 0.8197190204091102
1278 0.8647345734411863
1279 0.9407953354609012
1280 0.9961949756371186
1281 1.0786253581215386
1282 1.2270000465934947
1283 1.4895461674286117
1284 1.7113053068006585
1285 1.9840214098903468
1286 2.177411651394379
1287 2.029036962922423
1288 1.638295539457315
1289 1.3793356755224941
1290 1.2637725613771287
1291 1.0272401846247572
1292 0.7183938814201445
1293 0.26368862219602235
1294 -0.25706799546042086
1295 -0.6110369041418946
1296 -0.6998369070910199
1297 -0.691058606618653
1298 -0.7200698191553775
1299 -0.7305074325219112
1300 -0.6790687328027374
1301 -0.6859736154913674
1302 -0.7758976691107347
1303 -0.8060329323177012
1304 -0.8028748851965449
1305 -0.8168987554633748
1306 -0.7954882665063826
1307 -0.7670123161935829
1308 -0.8098332941075673
1309 -0.8998108739493271
1310 -0.87138844985892
1311 -0.7558253357135545
1312 -0.6691663816601285
1313 -0.5851837387263266
1314 -0.495901999775669
1315 -0.49793599622658324
1316 -0.5084806620379019
1317 -0.4407164644890216
1318 -0.39864485368853186
1319 -0.38349693275145985
1320 -0.40999241283573773
1321 -0.48123581484012934
1322 -0.5475012781620202
1323 -0.5078918735915846
1324 -0.47550850904413394
1325 -0.47079820147359563
1326 -0.4384683631485374
1327 -0.48508970285238795
1328 -0.5353508256789271
1329 -0.552372164399736
1330 -0.3138057911964502
1331 0.23093057409182424
1332 0.6445812207409138
1333 0.8301031075532515
1334 0.9013465095576431
1335 0.9010253522232882
1336 0.9341045576618411
1337 1.2614174075918596
1338 1.553617055632411
1339 1.5240705808717616
1340 1.4421754606112664
1341 1.4771816100559487
1342 1.3229725633432121
1343 1.0889559190432874
1344 1.068990638090892
1345 1.0619787029574772
1346 1.0267584486232249
1347 1.0075425347843243
1348 0.9111953344778594
1349 0.8162933421759915
1350 0.8285508471038695
1351 0.935656818111223
1352 1.094040910170573
1353 1.2224503176901338
1354 1.438214520154223
1355 1.826975473390809
1356 1.938256489744776
1357 1.626573296753362
1358 1.295781242367832
1359 1.2029667727392708
1360 1.2709450751777212
1361 1.1138991386781831
1362 0.7751316771561739
1363 0.36046403228162716
1364 -0.05934212994259772
1365 -0.4148632990734535
1366 -0.5844343716128318
1367 -0.6335179175467365
1368 -0.6617262367475737
1369 -0.681584465255184
1370 -0.6769276839070382
1371 -0.6507533611571152
1372 -0.6241508286280524
1373 -0.611411587698642
1374 -0.6396199068994792
1375 -0.6876329283855342
1376 -0.7595721712810282
1377 -0.7851577055846338
1378 -0.7693139437564596
1379 -0.7609103268408401
1380 -0.7499374512503817
1381 -0.7740242513269979
1382 -0.7735425153254656
1383 -0.7909920638254142
1384 -0.7279917000694647
1385 -0.6697551701064458
1386 -0.6913797639530079
1387 -0.7249942316154857
1388 -0.7669587899711905
1389 -0.762997849514147
1390 -0.7301862751875563
1391 -0.6144090561526209
1392 -0.5862007369517837
1393 -0.6367294908902853
1394 -0.6291822935329455
1395 -0.594818458756973
1396 -0.659638714074267
1397 -0.7157877213639791
1398 -0.6860271417137599
1399 -0.6313233424286447
1400 -0.418931291975282
1401 -0.019465094260199718
1402 0.35875119316506776
1403 0.6209226304434374
1404 0.7351475890289909
1405 0.8185414435164756
1406 1.130492267619852
1407 1.6065544895785742
1408 1.9603628195928704
1409 2.042311466075758
1410 1.8769154388829934
1411 1.7275772784079726
1412 1.5627165134391325
1413 1.338548694059424
1414 1.3349624371591278
1415 1.3899338675562054
1416 1.248999323996804
1417 1.0451714691262382
1418 0.9874166751647517
1419 0.9890759880589186
1420 0.9809400022552616
1421 1.0770730976721565
1422 1.2428973346440613
1423 1.3363541189413324
1424 1.5881949952979533
1425 1.986269511230831
1426 2.1754847073882497
1427 1.9087635412065191
1428 1.4948987896678596
1429 1.3187975179965987
1430 1.3331425455977834
1431 1.335765330495015
1432 1.1735273504234065
1433 0.9034875584533423
1434 0.47661593487330994
1435 0.01885968097281635
1436 -0.38649440120543876
1437 -0.6555707211724384
1438 -0.7157877213639791
1439 -0.6918079737321478
1440 -0.6828155683702111
1441 -0.7071699995587897
1442 -0.7353783187596269
1443 -0.7534166557058929
1444 -0.7824278682426173
1445 -0.7491345579144945
1446 -0.7141284084698122
1447 -0.6981240679744605
1448 -0.679015206580345
1449 -0.6625826563058534
1450 -0.7242983907243835
1451 -0.6873652972735719
1452 -0.5769407004778846
1453 -0.5923027263045264
1454 -0.6502180989331904
1455 -0.6056842819026466
1456 -0.6052025459011142
1457 -0.7276170165127173
1458 -0.722799656497394
1459 -0.6061660179041789
1460 -0.6398340117890492
1461 -0.6964647550802936
1462 -0.6719497452245375
1463 -0.6627967611954233
1464 -0.6929855506247824
1465 -0.6724850074484623
1466 -0.6625826563058534
1467 -0.6240973024056599
1468 -0.6288611361985906
1469 -0.6296105033120853
1470 -0.5148502825026071
1471 -0.16537757650210166
1472 0.26748898398588844
1473 0.5460929715387497
1474 0.6830665746411073
1475 0.8084785137066892
1476 0.8928893664196311
1477 0.9524105257200695
1478 1.1966506784969582
1479 1.6090166958086283
1480 1.8452814414490373
1481 1.750325922924777
1482 1.5577921009790243
1483 1.3056300672880485
1484 1.0793211990126408
1485 1.0231186655005362
1486 1.0637985945188215
1487 1.1342391031873258
1488 1.0461349411293028
1489 0.8959938873183949
1490 0.8226094364183041
1491 0.8337428906759401
1492 1.0045985925527379
1493 1.2386687630750555
1494 1.524445264428509
1495 1.8435150761100854
1496 1.972780903187926
1497 1.8405176076561065
1498 1.4149306134134938
1499 1.107743623103048
1500 1.011289370351798
1501 1.027561341959112
1502 1.013162788135535
1503 1.0087736378993515
1504 0.6959663942376951
1505 0.1639157436564386
1506 -0.31203942585749833
1507 -0.6192799423903367
1508 -0.7078123142274995
1509 -0.6779982083548878
1510 -0.7120408857965054
1511 -0.8557052666979232
1512 -0.8458029155553143
1513 -0.7518108690341184
1514 -0.797201105622942
1515 -0.7932401651658985
1516 -0.7395533641062404
1517 -0.7426043587826118
1518 -0.8124560790047989
1519 -0.8423237110998031
1520 -0.886429318351207
1521 -0.9290897175980141
1522 -0.880969643667174
1523 -0.7450130387902735
1524 -0.6878470332751042
1525 -0.7100604155679836
1526 -0.6820126750343238
1527 -0.7400351001077727
1528 -0.8037313047548246
1529 -0.7959700025079149
1530 -0.7507938708086613
1531 -0.7055106866646228
1532 -0.6384423300068447
1533 -0.5895728889625099
1534 -0.658086453624885
1535 -0.7259577036185504
1536 -0.732594955195218
1537 -0.7401421525525577
1538 -0.7878875429266503
1539 -0.7925978504971887
1540 -0.6336784962139139
1541 -0.1980285721615148
1542 0.2890600516100581
1543 0.5889674756751265
1544 0.6627266101319648
1545 0.6290586162470945
1546 0.6467757958590056
1547 0.7810730878417392
1548 1.0049732761094854
1549 1.3930383884549693
1550 1.8505270112435004
1551 1.8854261082433976
1552 1.5926376717565291
1553 1.472417776263018
1554 1.3204033046683732
1555 1.1686029379632983
1556 1.1208040213668131
1557 1.1479953423421934
1558 1.1292611645048252
1559 1.110634039112242
1560 1.0572683953869388
1561 0.9144069078214082
1562 0.9296083549808727
1563 1.0706499509850589
1564 1.2419338626409966
1565 1.3921819688966897
1566 1.620578359845404
1567 1.8470478067879892
1568 1.719708923716278
1569 1.4709190420360285
1570 1.3788539395209618
1571 1.3558376638921952
1572 1.2347078226180117
1573 1.1395381992041813
1574 0.9804047400313368
1575 0.673003644831321
1576 0.22349042917926945
1577 -0.23062604159853545
1578 -0.49242279532015776
1579 -0.526411946539383
1580 -0.5081059784811546
1581 -0.5228792158614792
1582 -0.4939750557695397
1583 -0.43905715159485464
1584 -0.4233739684338579
1585 -0.46078879788620175
1586 -0.46218047966840625
1587 -0.47540145659934896
1588 -0.5487323812770473
1589 -0.5752278613613252
1590 -0.6120539023673518
1591 -0.6668112278748594
1592 -0.716108878698334
1593 -0.6934137604039222
1594 -0.662422077638676
1595 -0.6571765078442129
1596 -0.677355893686178
1597 -0.6543396180574114
1598 -0.6243114072952298
1599 -0.6069153850176736
1600 -0.5500170106144668
1601 -0.551141061284709
1602 -0.5737291271343357
1603 -0.6194405210575141
1604 -0.652733831385637
1605 -0.6691663816601285
1606 -0.6579794011801001
1607 -0.6297175557568704
1608 -0.6504322038227603
1609 -0.6750542661233013
1610 -0.5691258720085823
1611 -0.237370345619988
1612 0.1919634841900984
1613 0.6670087079233632
1614 1.0068466938932221
1615 0.995124451189269
1616 0.8358304133492468
1617 0.8403266160302152
1618 0.9087331282478053
1619 0.9981754458656403
1620 1.2566535737989288
1621 1.5772221197074947
1622 1.6558521404020488
1623 1.5447317027152592
1624 1.3651512265884869
1625 1.1866412749095643
1626 1.0803917234604905
1627 1.1027121581981547
1628 1.0367678522106187
1629 0.9040763468996595
1630 0.8328329448952679
1631 0.8606665805393579
1632 0.8698730907908645
1633 1.0110752654622281
1634 1.31537183976348
1635 1.579256116158409
1636 1.8510622734674251
1637 2.10557946094367
1638 1.878200068220413
1639 1.3033284397251719
1640 1.0246173997275256
1641 1.110526986667457
1642 1.0802846710157055
1643 0.9398318634578365
1644 0.8533870142939805
1645 0.5551924293454713
1646 0.034275233021850746
1647 -0.4508329205212004
1648 -0.7015497462075793
1649 -0.7713479402073739
1650 -0.7728466744343633
1651 -0.7406774147764825
1652 -0.8179692799112244
1653 -0.923630042913981
1654 -0.820485012363671
1655 -0.7708662042058415
1656 -0.778038718006434
1657 -0.8037313047548246
1658 -0.8321002026228392
1659 -0.9092314890904037
1660 -0.9347099709492245
1661 -0.8711208187469576
1662 -0.791420273604554
1663 -0.7400886263301653
1664 -0.7377334725448961
1665 -0.7386434183255682
1666 -0.7712944139849813
1667 -0.7541660228193876
1668 -0.7179822964820708
1669 -0.703744321325671
1670 -0.6102875370283999
1671 -0.5175265936222312
1672 -0.4760972974904512
1673 -0.4883012761959368
1674 -0.44023472848748924
1675 -0.4183425035289647
1676 -0.456024964093271
1677 -0.4730998290364723
1678 -0.4843938619612857
1679 -0.5541920559610803
1680 -0.5729262337984485
1681 -0.403890423482995
1682 -0.058592762829102994
1683 0.4290846493887872
1684 0.902684665117455
1685 1.1067801510999833
1686 1.10196279108466
1687 1.1441949805523273
1688 1.2912315134644712
1689 1.3920213902295122
1690 1.5631982494406649
1691 1.73464273976378
1692 1.7298253797484568
1693 1.531564252006709
1694 1.3903620773353451
1695 1.3267193989106858
1696 1.326505294021116
1697 1.353482510106926
1698 1.3236684042343145
1699 1.228712885710054
1700 1.0932915430570782
1701 1.0502029340311314
1702 1.0701682149835265
1703 1.1646419975062547
1704 1.3440618949658496
1705 1.6214883056260763
1706 1.9223056754718169
1707 2.0548366021155986
1708 2.0628120092520783
1709 1.7528951815996159
1710 1.2861465223371855
1711 1.0841920852503566
1712 1.0082383756754267
1713 0.8195049155195403
1714 0.7399649490443142
1715 0.8289790568830093
1716 0.7317219107958721
1717 0.3733103256558225
1718 -0.11971970880131577
1719 -0.49477794910542694
1720 -0.6846354599315554
1721 -0.6853313008226576
1722 -0.6475417878135664
1723 -0.708989891120134
1724 -0.7375193676553261
1725 -0.7097392582336287
1726 -0.7195345569314527
1727 -0.7411591507780149
1728 -0.6301992917584027
1729 -0.5352437732341422
1730 -0.5182759607357259
1731 -0.5194000114059679
1732 -0.5698217128996846
1733 -0.6823873585910712
1734 -0.6967859124146485
1735 -0.652733831385637
1736 -0.6778911559101028
1737 -0.7079193666722844
1738 -0.6488799433733784
1739 -0.5825074276067025
1740 -0.5864148418413536
1741 -0.5633450399901945
1742 -0.4811822886177369
1743 -0.4790947659444301
1744 -0.525983736760243
1745 -0.4920481117634104
1746 -0.487658961527227
1747 -0.5461631226022082
1748 -0.5463772274917782
1749 -0.5362607714595994
1750 -0.5398470283598955
1751 -0.529195310103792
1752 -0.41165172572990466
1753 -0.039055691655847595
1754 0.5062694620787441
1755 0.8610412640961052
1756 0.9766043782414706
1757 0.9166550091618925
1758 0.9104994935867572
1759 1.0350550130940595
1760 1.095379065730385
1761 1.1656054695093194
1762 1.3029537561684246
1763 1.361136759909051
1764 1.3791750968553167
1765 1.4032083707095406
1766 1.3191186753309536
1767 1.141518669432703
1768 1.1178065529128343
1769 1.1794687611089718
1770 1.053949769598605
1771 0.9940539267414193
1772 1.0833356656920767
1773 1.134132050742541
1774 1.125674907604529
1775 1.3146224726499853
1776 1.5662492441170364
1777 1.6220770940723934
1778 1.7366767362146942
1779 1.7825487088050502
1780 1.3996221138092444
1781 0.9166014829395
1782 0.7441399943909277
1783 0.7432300486102555
1784 0.7233182938802527
1785 0.70340653915025
1786 0.6938253453419959
1787 0.4140437808965002
1788 0.003925864925314276
1789 -0.31476926319951487
1790 -0.524752633645216
1791 -0.5897869938520799
1792 -0.5609363599825329
1793 -0.5506057990607841
1794 -0.6516097807153949
1795 -0.6462571584761468
1796 -0.5455208079334984
1797 -0.572872707576056
1798 -0.5937479343091234
1799 -0.5119063402710207
1800 -0.49633020955480883
1801 -0.6368365433350702
1802 -0.7023526395434665
1803 -0.6788546279131675
1804 -0.6350166517737259
1805 -0.49766836511462087
1806 -0.33762496016110405
1807 -0.3902947629953049
1808 -0.5337985652295453
1809 -0.49381447710236226
1810 -0.46721194457329945
1811 -0.46218047966840625
1812 -0.47379566992757455
1813 -0.4798976592803173
1814 -0.5147432300578222
1815 -0.49900652067443285
1816 -0.45067234185402294
1817 -0.47283219792450987
1818 -0.5175801198446236
1819 -0.4821457606208015
1820 -0.4743844583738918
1821 -0.5648437742171839
1822 -0.5316039901114535
1823 -0.19990198994525163
1824 0.3683859131957143
1825 0.9588336724071671
1826 1.378639834631392
1827 1.3730195812801815
1828 1.1430709298820851
1829 1.139591725426574
1830 1.3393515873953112
1831 1.6060727535770418
1832 1.796465526627095
1833 1.778427189680829
1834 1.6495895723821286
1835 1.4142347725223916
1836 1.2819179507681797
1837 1.2070882918634918
1838 1.1259960649388838
1839 1.084566768807104
1840 1.0074354823395395
1841 0.9714658608917925
1842 0.988219568500639
1843 1.0307193890802684
1844 1.147513606340661
1845 1.2861465223371855
1846 1.518557379965336
1847 1.7931469008387613
1848 1.9995440143841663
1849 2.260805505881864
1850 2.040973310515946
1851 1.3050948050641238
1852 0.7888879163110414
1853 0.5456647617596099
1854 0.45231502990712374
1855 0.47511720064632046
1856 0.5057877260772118
1857 0.2620293093018554
1858 -0.16382531605271974
1859 -0.4749197205978166
1860 -0.6035432330069473
1861 -0.6945913372965568
1862 -0.7484922432457847
1863 -0.692824971957605
1864 -0.6867229826048621
1865 -0.7137537249130648
1866 -0.7341472156445998
1867 -0.7384293134359984
1868 -0.7966658433990171
1869 -0.7989674709618938
1870 -0.7216220796047594
1871 -0.7556112308239846
1872 -0.871495502303705
1873 -0.8723519218619846
1874 -0.8255164772685641
1875 -0.8223049039250153
1876 -0.7610709055080176
1877 -0.6487728909285935
1878 -0.6289681886433757
1879 -0.6899345559484109
1880 -0.7086687337857791
1881 -0.6900951346155884
1882 -0.7125226217980377
1883 -0.6488799433733784
1884 -0.5833103209425897
1885 -0.6270947708596388
1886 -0.6789616803579525
1887 -0.6852242483778727
1888 -0.696625333747471
1889 -0.7105956777919085
1890 -0.6678282261003164
1891 -0.6657942296494023
1892 -0.6725920598932472
1893 -0.4824669179551564
1894 0.046532737949728786
1895 0.6124654873054255
1896 1.027989551738252
1897 1.3593168683477066
1898 1.443031880169546
1899 1.3872575564365814
1900 1.389559183999458
1901 1.5073168732629152
1902 1.5973479793270675
1903 1.6806347813697673
1904 1.670036589336056
1905 1.4413190410529866
1906 1.2480358519937396
1907 1.1494405503467904
1908 1.0989653226306813
1909 1.147406553895876
1910 1.2469653275458898
1911 1.1593964277117916
1912 1.0675989563086876
1913 1.062192807847047
1914 1.0609081785096275
1915 1.1412510383207408
1916 1.4188915538705373
1917 1.8004264670841386
1918 2.1255447418960656
1919 2.3985820023201088
1920 2.4636163625269725
1921 1.7936286368402936
1922 1.0208170379376595
1923 0.69628755157205
1924 0.7137906262943912
1925 0.8018412621300217
1926 0.751419560636305
1927 0.5044495705173998
1928 0.15165823872856057
1929 -0.3001030782639752
1930 -0.6079859094655232
1931 -0.7298651178532014
1932 -0.7825884469097948
1933 -0.7909385376030217
1934 -0.7798586095677783
1935 -0.8250347412670318
1936 -0.9243794100274757
1937 -0.8238571643743973
1938 -0.7446383552335261
1939 -0.7988604185171089
1940 -0.7880481215938278
1941 -0.7436748832304614
1942 -0.7952206353944202
1943 -0.8604155742684615
1944 -0.8234824808176499
1945 -0.804105988311572
1946 -0.7966658433990171
1947 -0.7385898921031758
1948 -0.7459229845709456
1949 -0.8416278702087008
1950 -0.8526542720215518
1951 -0.7868705447011932
1952 -0.7472611401307576
1953 -0.7068488422244348
1954 -0.7078123142274995
1955 -0.739499837883848
1956 -0.8088698221045028
1957 -0.791420273604554
1958 -0.7157877213639791
1959 -0.7077587880051069
1960 -0.7111309400158332
1961 -0.7384828396583908
1962 -0.7919020096060864
1963 -0.7866029135892308
1964 -0.4208582359814113
1965 0.1661103187745303
1966 0.6838159417546021
1967 0.9600647755221942
1968 0.9183678482784519
1969 0.5231302221323755
1970 0.24457976080190677
1971 0.1843092343879737
1972 0.16065064409049729
1973 0.1661638449969228
1974 0.11349404216272194
1975 0.08469693451556741
1976 0.07115480025026984
1977 0.07201121980854952
1978 0.06628391401255411
1979 0.06885317268739317
1980 0.13469042623014424
1981 0.20015299621614793
1982 0.20652261668085312
1983 0.14957071605525382
1984 0.21845896427437628
1985 0.29446620007169866
1986 0.3352531815347688
1987 0.5288040017059784
1988 0.7840705562957181
1989 0.9555150466188334
1990 1.0756814158899521
1991 1.1787729202178696
1992 0.9214188429548232
1993 0.2847244275962672
1994 -0.3229587752255644
1995 -0.6340531797706612
1996 -0.7252618627274481
1997 -0.7148777755833069
1998 -0.6341602322154463
1999 -0.6376394366709575
2000 -0.7223179204958617
2001 -0.73393311075503
2002 -0.7507403445862688
2003 -0.8415743439863084
2004 -0.8569898960353427
2005 -0.8291562603912529
2006 -0.8371851937501249
2007 -0.8344018301857159
2008 -0.806782299431196
2009 -0.8386839279771143
2010 -0.9333718153894125
2011 -0.8956893548251061
2012 -0.8731012889754793
2013 -0.915172899775969
2014 -0.92641340647839
2015 -0.9051099699661828
2016 -0.9305884518250035
2017 -0.960830767476755
2018 -0.9114795904308879
2019 -0.8800596978865018
2020 -0.8614325724939186
2021 -0.8522260622424119
2022 -0.8484792266749384
2023 -0.8955287761579287
2024 -0.9198296811241149
2025 -0.8889450508036536
2026 -0.8596126809325743
2027 -0.7841942335815691
2028 -0.6858130368241899
2029 -0.6095381699149052
2030 -0.6193869948351216
2031 -0.5878065236235581
2032 -0.5230397945286567
2033 -0.5334238816727979
2034 -0.5956748783152527
2035 -0.655410142505261
2036 -0.666329491873327
2037 -0.6679888047674939
2038 -0.6785334705788126
2039 -0.6749472136785164
2040 -0.6048278623443669
2041 -0.5043591429136809
2042 -0.33264702147860337
2043 -0.1413443026478779
2044 -0.10735515142865276
2045 -0.0569334499349361
2046 -0.08781808025539736
2047 -0.16591283872602647
2048 -0.23201772338073995
2049 -0.26397287814905085
2050 -0.34345931840188443
2051 -0.38076709540944337
2052 -0.33350344103688306
2053 -0.31878372987895087
2054 -0.32301230144795684
2055 -0.33569801615497474
2056 -0.36476275491409166
2057 -0.4307070609016277
2058 -0.4273349088909014
2059 -0.36658264647543604
2060 -0.34677794419021823
2061 -0.32890018591112974
2062 -0.27521338485147173
2063 -0.2699678150570086
2064 -0.3023511796044594
2065 -0.17618987342538275
2066 -0.020053882706517007
2067 0.07313527047879162
2068 0.10664268569648443
2069 0.014577583181417903
2070 -0.2932517217977377
2071 -0.6716821141125751
2072 -0.7978434202916518
2073 -0.8188256994695041
2074 -0.8164705456842349
2075 -0.8543135849157187
2076 -0.9121219050995977
2077 -0.9556387239046844
2078 -0.9705725399521864
2079 -0.944237638535086
2080 -0.9510889950013235
2081 -1.0017783276070027
2082 -0.966183389716003
2083 -0.9403302243004349
2084 -0.9946593400288026
2085 -1.013072360531816
2086 -1.0045616911714115
2087 -0.9403837505228274
2088 -0.9086427006440865
2089 -0.9188662091210502
2090 -0.9425247994185266
2091 -0.99503402358555
2092 -0.9795114190917307
2093 -0.989681401346302
2094 -1.0354998477142654
2095 -1.0346969543783782
2096 -1.010503101856977
2097 -1.0675085287049686
2098 -1.0876343883245414
2099 -1.0321812219259314
2100 -1.024312867234237
2101 -1.051183030875262
2102 -1.029665489473485
2103 -1.0119483098615738
2104 -1.085600391873627
2105 -1.09127417144723
2106 -1.0509689259856922
2107 -1.0205125054443707
2108 -0.9791367355349834
2109 -0.9534976750089852
2110 -0.9692879106147669
2111 -1.050166032649805
2112 -1.0427258877372503
2113 -0.9970680200364643
2114 -0.9947663924735877
2115 -0.9917689240196087
2116 -0.9617942394798196
2117 -0.9810636795411126
2118 -1.0467938806390786
2119 -1.0275244405777857
2120 -1.0107172067465469
2121 -1.0005472244919755
2122 -1.0259721801284039
2123 -1.0661168469227642
2124 -1.0868850212110466
2125 -1.103959886154248
2126 -1.0283808601360653
2127 -1.0042940600594492
2128 -1.0351251641575179
2129 -1.0217971347817902
2130 -0.9957298644766522
2131 -1.051825345543972
2132 -1.0518788717663643
2133 -0.9837935168831291
2134 -0.9676285977206
2135 -0.9930000271346358
2136 -1.0119483098615738
2137 -1.0219041872265753
2138 -1.0386043686130293
2139 -1.0355533739366578
2140 -1.0340546397096684
2141 -1.0588908068997793
2142 -1.0663844780347267
2143 -1.0488814033123854
2144 -1.0785349305178198
2145 -1.1386448782645753
2146 -1.0678296860393235
2147 -1.0258651276836188
2148 -1.04358230729553
2149 -1.0429399926268201
2150 -1.0046687436161965
2151 -1.0645110602509897
2152 -1.121677065766159
2153 -1.090150120776988
2154 -1.067669107372146
2155 -1.056053917112978
2156 -1.0504336637617675
2157 -1.0481320361988908
2158 -1.0929870105637893
2159 -1.1163779697493035
2160 -1.0824958709748633
2161 -1.0910600665576602
2162 -1.121355908431804
2163 -1.0679367384841085
2164 -1.0689002104871732
2165 -1.1710817690344186
2166 -1.1290636844563213
2167 -1.0421906255133253
2168 -1.065421006031662
2169 -1.086028601652767
2170 -1.1015512061465864
2171 -1.1362361982569138
2172 -1.1729551868181554
2173 -1.0838340265346753
2174 -1.0309501188109045
2175 -1.0584625971206394
2176 -1.0604430673491612
2177 -1.054608709108381
2178 -1.1280466862308642
2179 -1.140732400937882
2180 -1.0530029224366064
2181 -1.042832940182035
2182 -1.0631193784687853
2183 -1.0516647668767944
2184 -1.0618882753537582
2185 -1.1110253475100553
2186 -1.1105971377309156
2187 -1.0720582576083295
2188 -1.0467403544166862
2189 -1.0364097934949374
2190 -1.0555721811114456
2191 -1.1015512061465864
2192 -1.1938304135512228
2193 -1.1236575359946808
2194 -1.0140358325348806
2195 -1.0376408966099646
2196 -1.051397135764832
2197 -1.052521186435074
2198 -1.0785349305178198
2199 -1.1077067217217216
2200 -1.0626911686896454
2201 -1.0264539161299362
2202 -1.0054181107296913
2203 -1.0121624147511439
2204 -1.0168191960992896
2205 -1.051075978430477
2206 -1.0527352913246442
2207 -0.9723924315135307
2208 -0.9641493932650887
2209 -1.0208871890011182
2210 -1.0154275143170852
2211 -0.9982991231514914
2212 -1.019977243220446
2213 -1.024205814789452
2214 -1.0061139516207935
2215 -1.00172480138461
2216 -0.992464764910711
2217 -0.9981385444843139
2218 -1.0122694671959287
2219 -1.0460980397479764
2220 -1.0014036440502552
2221 -0.9605631363647926
2222 -0.9734629559613803
2223 -0.9912871880180764
2224 -0.9712683808432887
2225 -1.0195490334413062
2226 -1.0777320371819326
2227 -0.9886108768984524
