-3.00 13016.45
-2.99 13038.80
-2.98 13059.07
-2.97 13051.64
-2.96 13078.83
-2.95 13106.01
-2.94 13130.55
-2.93 13124.47
-2.92 13152.27
-2.91 13174.38
-2.90 13201.23
-2.89 13195.80
-2.88 13223.39
-2.87 13251.39
-2.86 13276.93
-2.85 13271.09
-2.84 13296.74
-2.83 13325.10
-2.82 13323.94
-2.81 13354.94
-2.80 13387.10
-2.79 13415.41
-2.78 13414.49
-2.77 13442.56
-2.76 13475.68
-2.75 13504.96
-2.74 13502.60
-2.73 13531.03
-2.72 13562.82
-2.71 13599.17
-2.70 13603.36
-2.69 13630.31
-2.68 13661.93
-2.67 13666.24
-2.66 13696.91
-2.65 13727.42
-2.64 13760.57
-2.63 13768.52
-2.62 13801.27
-2.61 13834.79
-2.60 13870.87
-2.59 13874.79
-2.58 13905.51
-2.57 13937.01
-2.56 13942.85
-2.55 13978.99
-2.54 14013.84
-2.53 14047.66
-2.52 14052.54
-2.51 14088.44
-2.50 14121.58
-2.49 14159.48
-2.48 14162.68
-2.47 14198.48
-2.46 14229.23
-2.45 14260.34
-2.44 14269.71
-2.43 14309.49
-2.42 14341.88
-2.41 14346.81
-2.40 14381.96
-2.39 14422.45
-2.38 14460.77
-2.37 14464.76
-2.36 14495.30
-2.35 14529.79
-2.34 14568.35
-2.33 14576.20
-2.32 14611.62
-2.31 14649.72
-2.30 14684.58
-2.29 14690.91
-2.28 14725.98
-2.27 14759.56
-2.26 14768.16
-2.25 14806.23
-2.24 14842.76
-2.23 14879.08
-2.22 14890.97
-2.21 14929.21
-2.20 14963.01
-2.19 14999.84
-2.18 15008.95
-2.17 15042.65
-2.16 15075.90
-2.15 15114.00
-2.14 15128.06
-2.13 15165.03
-2.12 15203.78
-2.11 15208.45
-2.10 15245.02
-2.09 15280.44
-2.08 15317.22
-2.07 15325.82
-2.06 15361.29
-2.05 15401.80
-2.04 15434.64
-2.03 15445.35
-2.02 15478.73
-2.01 15512.52
-2.00 15526.36
-1.99 15565.49
-1.98 15602.69
-1.97 15639.17
-1.96 15650.65
-1.95 15686.57
-1.94 15724.29
-1.93 15758.88
-1.92 15769.90
-1.91 15811.03
-1.90 15840.07
-1.89 15879.06
-1.88 15887.53
-1.87 15923.16
-1.86 15959.11
-1.85 15968.89
-1.84 16010.44
-1.83 16044.31
-1.82 16083.39
-1.81 16093.11
-1.80 16126.02
-1.79 16164.05
-1.78 16202.71
-1.77 16211.68
-1.76 16251.39
-1.75 16280.89
-1.74 16315.29
-1.73 16325.39
-1.72 16366.06
-1.71 16399.90
-1.70 16411.11
-1.69 16445.71
-1.68 16481.02
-1.67 16516.61
-1.66 16524.91
-1.65 16563.15
-1.64 16597.95
-1.63 16634.81
-1.62 16642.24
-1.61 16678.96
-1.60 16715.58
-1.59 16742.90
-1.58 16758.55
-1.57 16789.53
-1.56 16829.53
-1.55 16844.51
-1.54 16876.77
-1.53 16916.79
-1.52 16953.19
-1.51 16971.19
-1.50 17002.19
-1.49 17040.22
-1.48 17075.21
-1.47 17088.47
-1.46 17128.84
-1.45 17165.11
-1.44 17201.80
-1.43 17218.64
-1.42 17260.81
-1.41 17302.92
-1.40 17318.09
-1.39 17354.08
-1.38 17394.31
-1.37 17431.72
-1.36 17452.33
-1.35 17492.26
-1.34 17536.29
-1.33 17580.87
-1.32 17602.75
-1.31 17645.65
-1.30 17684.64
-1.29 17707.45
-1.28 17757.68
-1.27 17798.97
-1.26 17845.97
-1.25 17867.91
-1.24 17913.88
-1.23 17962.37
-1.22 18007.64
-1.21 18030.57
-1.20 18083.02
-1.19 18128.71
-1.18 18178.88
-1.17 18199.50
-1.16 18254.51
-1.15 18305.49
-1.14 18336.57
-1.13 18387.15
-1.12 18438.58
-1.11 18490.83
-1.10 18519.15
-1.09 18571.01
-1.08 18626.31
-1.07 18680.14
-1.06 18722.41
-1.05 18780.77
-1.04 18840.21
-1.03 18892.46
-1.02 18919.96
-1.01 18984.18
-1.00 19044.09
-0.99 19077.68
-0.98 19131.89
-0.97 19195.82
-0.96 19260.37
-0.95 19298.07
-0.94 19346.24
-0.93 19411.27
-0.92 19484.46
-0.91 19521.73
-0.90 19587.13
-0.89 19651.38
-0.88 19716.96
-0.87 19763.67
-0.86 19827.25
-0.85 19899.62
-0.84 19948.04
-0.83 20018.33
-0.82 20074.35
-0.81 20144.42
-0.80 20200.68
-0.79 20276.49
-0.78 20332.77
-0.77 20385.66
-0.76 20440.49
-0.75 20523.19
-0.74 20586.86
-0.73 20644.53
-0.72 20683.49
-0.71 20759.05
-0.70 20820.48
-0.69 20858.82
-0.68 20925.52
-0.67 20979.54
-0.66 21045.65
-0.65 21095.57
-0.64 21150.25
-0.63 21203.66
-0.62 21240.93
-0.61 21282.58
-0.60 21337.42
-0.59 21396.26
-0.58 21442.75
-0.57 21457.52
-0.56 21500.51
-0.55 21531.83
-0.54 21531.53
-0.53 21540.74
-0.52 21556.99
-0.51 21587.30
-0.50 21578.92
-0.49 21575.16
-0.48 21567.12
-0.47 21574.00
-0.46 21551.27
-0.45 21542.24
-0.44 21535.62
-0.43 21498.55
-0.42 21464.94
-0.41 21425.96
-0.40 21399.50
-0.39 21346.36
-0.38 21302.91
-0.37 21243.71
-0.36 21189.51
-0.35 21129.18
-0.34 21063.40
-0.33 20986.04
-0.32 20914.77
-0.31 20837.64
-0.30 20782.08
-0.29 20727.92
-0.28 20638.36
-0.27 20570.93
-0.26 20501.67
-0.25 20454.43
-0.24 20361.41
-0.23 20261.84
-0.22 20192.69
-0.21 20154.09
-0.20 20057.01
-0.19 19961.95
-0.18 19866.43
-0.17 19822.83
-0.16 19743.71
-0.15 19650.43
-0.14 19554.07
-0.13 19498.27
-0.12 19425.72
-0.11 19325.98
-0.10 19235.55
-0.09 19222.98
-0.08 19182.66
-0.07 19085.45
-0.06 18958.60
-0.05 19046.17
-0.04 19149.97
-0.03 19127.98
-0.02 18702.86
-0.01 18682.43
-0.00 18682.43
0.01 18682.43
0.02 18701.41
0.03 18306.82
0.04 18307.27
0.05 18347.77
0.06 18446.94
0.07 18284.69
0.08 18222.63
0.09 18230.39
0.10 18290.48
0.11 18194.97
0.12 18101.41
0.13 18031.41
0.14 18022.41
0.15 17930.13
0.16 17857.88
0.17 17849.54
0.18 17819.93
0.19 17742.08
0.20 17670.17
0.21 17645.51
0.22 17622.05
0.23 17559.19
0.24 17494.13
0.25 17472.40
0.26 17454.46
0.27 17399.64
0.28 17343.99
0.29 17324.48
0.30 17301.41
0.31 17254.22
0.32 17227.17
0.33 17188.35
0.34 17155.78
0.35 17101.07
0.36 17073.66
0.37 17031.92
0.38 16995.53
0.39 16942.83
0.40 16918.66
0.41 16879.77
0.42 16850.18
0.43 16807.01
0.44 16778.97
0.45 16736.90
0.46 16708.63
0.47 16693.86
0.48 16642.79
0.49 16607.17
0.50 16581.25
0.51 16575.04
0.52 16535.43
0.53 16493.18
0.54 16467.68
0.55 16465.62
0.56 16427.05
0.57 16385.89
0.58 16380.58
0.59 16345.55
0.60 16306.52
0.61 16270.85
0.62 16263.95
0.63 16223.96
0.64 16188.78
0.65 16153.92
0.66 16146.90
0.67 16119.23
0.68 16077.31
0.69 16048.22
0.70 16043.74
0.71 16017.20
0.72 15980.97
0.73 15968.88
0.74 15940.76
0.75 15913.21
0.76 15875.21
0.77 15864.09
0.78 15835.91
0.79 15811.47
0.80 15771.92
0.81 15758.34
0.82 15728.58
0.83 15694.89
0.84 15655.96
0.85 15638.61
0.86 15606.45
0.87 15574.39
0.88 15568.59
0.89 15524.67
0.90 15484.27
0.91 15450.40
0.92 15438.04
0.93 15399.87
0.94 15356.07
0.95 15319.05
0.96 15310.07
0.97 15272.24
0.98 15235.23
0.99 15198.06
1.00 15185.63
1.01 15141.74
1.02 15101.95
1.03 15091.00
1.04 15043.14
1.05 14999.90
1.06 14961.28
1.07 14947.52
1.08 14901.80
1.09 14862.68
1.10 14825.33
1.11 14808.00
1.12 14758.63
1.13 14720.07
1.14 14676.07
1.15 14669.69
1.16 14623.77
1.17 14577.24
1.18 14566.60
1.19 14524.94
1.20 14485.34
1.21 14443.27
1.22 14435.76
1.23 14390.07
1.24 14348.52
1.25 14305.78
1.26 14291.40
1.27 14255.20
1.28 14212.12
1.29 14169.66
1.30 14159.51
1.31 14116.16
1.32 14072.47
1.33 14059.90
1.34 14022.37
1.35 13983.17
1.36 13941.05
1.37 13927.18
1.38 13888.62
1.39 13850.81
1.40 13809.01
1.41 13802.69
1.42 13762.79
1.43 13721.81
1.44 13713.25
1.45 13674.00
1.46 13634.37
1.47 13596.41
1.48 13589.28
1.49 13549.02
1.50 13511.40
1.51 13473.37
1.52 13464.36
1.53 13428.67
1.54 13388.82
1.55 13352.43
1.56 13344.62
1.57 13308.06
1.58 13268.99
1.59 13258.99
1.60 13227.55
1.61 13191.58
1.62 13156.89
1.63 13154.25
1.64 13115.88
1.65 13080.88
1.66 13045.49
1.67 13043.87
1.68 13009.87
1.69 12967.40
1.70 12935.16
1.71 12937.20
1.72 12901.62
1.73 12870.00
1.74 12865.63
1.75 12829.25
1.76 12796.55
1.77 12762.42
1.78 12766.23
1.79 12730.57
1.80 12695.02
1.81 12661.68
1.82 12662.64
1.83 12632.30
1.84 12601.61
1.85 12566.96
1.86 12572.09
1.87 12538.03
1.88 12508.18
1.89 12507.87
1.90 12477.03
1.91 12453.09
1.92 12422.49
1.93 12421.78
1.94 12396.48
1.95 12365.97
1.96 12336.80
1.97 12341.41
1.98 12310.47
1.99 12282.63
2.00 12255.60
2.01 12261.17
2.02 12234.80
2.03 12210.85
2.04 12218.20
2.05 12193.50
2.06 12164.45
2.07 12140.22
2.08 12150.66
2.09 12128.68
2.10 12106.73
2.11 12081.51
2.12 12094.79
2.13 12067.05
2.14 12044.28
2.15 12057.69
2.16 12039.52
2.17 12017.32
2.18 11994.85
2.19 12006.51
2.20 11984.90
2.21 11966.03
2.22 11945.73
2.23 11960.44
2.24 11942.78
2.25 11927.58
2.26 11908.33
2.27 11924.74
2.28 11904.89
2.29 11887.63
2.30 11907.84
2.31 11890.76
2.32 11874.13
2.33 11858.68
2.34 11877.00
2.35 11859.79
2.36 11844.79
2.37 11830.77
2.38 11853.62
2.39 11839.52
2.40 11824.57
2.41 11808.03
2.42 11828.62
2.43 11817.71
2.44 11804.37
2.45 11825.20
2.46 11812.73
2.47 11802.56
2.48 11787.66
2.49 11809.58
2.50 11797.62
2.51 11788.93
2.52 11778.00
2.53 11800.87
2.54 11788.91
2.55 11779.55
2.56 11769.97
2.57 11793.98
2.58 11783.08
2.59 11771.12
2.60 11798.15
2.61 11789.93
2.62 11780.93
2.63 11771.90
2.64 11796.54
2.65 11788.15
2.66 11778.68
2.67 11768.76
2.68 11794.71
2.69 11787.71
2.70 11780.86
2.71 11806.99
2.72 11798.90
2.73 11794.03
2.74 11787.93
2.75 11814.33
2.76 11807.46
2.77 11800.32
2.78 11796.44
2.79 11824.36
2.80 11817.87
2.81 11812.23
2.82 11805.59
2.83 11834.59
2.84 11830.50
2.85 11827.88
2.86 11856.04
2.87 11851.41
2.88 11847.24
2.89 11843.48
2.90 11874.49
2.91 11871.63
2.92 11869.36
2.93 11867.08
2.94 11897.79
2.95 11893.90
2.96 11890.90
2.97 11889.43
2.98 11922.16
2.99 11920.15
3.00 11918.10
