-5.00 13735.72
-4.90 13710.60
-4.80 13652.77
-4.70 13616.97
-4.60 13579.55
-4.50 13502.82
-4.40 13448.52
-4.30 13383.64
-4.20 13277.56
-4.10 13198.12
-4.00 13080.12
-3.90 12993.63
-3.80 12898.00
-3.70 12769.28
-3.60 12664.69
-3.50 12526.21
-3.40 12419.01
-3.30 12281.45
-3.20 12175.67
-3.10 12084.60
-3.00 11977.82
-2.90 11920.68
-2.80 11857.49
-2.70 11848.09
-2.60 11823.49
-2.50 11850.83
-2.40 11866.47
-2.30 11943.48
-2.20 12018.74
-2.10 12164.35
-2.00 12308.90
-1.90 12528.89
-1.80 12740.33
-1.70 12975.31
-1.60 13264.57
-1.50 13538.11
-1.40 13863.40
-1.30 14180.32
-1.20 14530.61
-1.10 14865.37
-1.00 15191.42
-0.90 15520.68
-0.80 15803.15
-0.70 16071.68
-0.60 16337.41
-0.50 16606.63
-0.40 16947.48
-0.30 17322.97
-0.20 17693.07
-0.10 18310.96
-0.00 18703.82
0.10 19254.69
0.20 20078.04
0.30 20798.44
0.40 21410.69
0.50 21601.69
0.60 21346.85
0.70 20845.34
0.80 20222.94
0.90 19614.47
1.00 19076.62
1.10 18555.73
1.20 18118.38
1.30 17703.18
1.40 17337.54
1.50 17021.82
1.60 16740.93
1.70 16441.35
1.80 16163.19
1.90 15879.52
2.00 15573.07
2.10 15292.67
2.20 14991.18
2.30 14688.82
2.40 14424.07
2.50 14167.20
2.60 13889.96
2.70 13658.40
2.80 13420.14
2.90 13245.72
3.00 13060.36
3.10 12945.60
3.20 12850.86
3.30 12713.26
3.40 12660.36
3.50 12635.03
3.60 12590.34
3.70 12567.90
3.80 12597.24
3.90 12626.11
4.00 12714.77
4.10 12788.00
4.20 12866.55
4.30 12976.60
4.40 13063.01
4.50 13147.17
4.60 13262.35
4.70 13377.27
4.80 13429.93
4.90 13536.28
5.00 13640.57
